place(4.049, 1.000, -36.389, "Scout", 250)
place(4.124, 1.037, -33.349, "Scout", 250)
place(4.561, 1.037, -30.371, "Scout", 250)
place(7.261, 1.000, -36.428, "Scout", 250)
place(7.405, 1.037, -33.379, "Scout", 250)
place(7.638, 1.037, -30.261, "Scout", 250)
upgrade(4.049, 2.350, -36.389, 150)
upgrade(4.049, 2.350, -36.389, 500)
upgrade(4.124, 2.387, -33.349, 150)
upgrade(4.124, 2.387, -33.349, 500)
upgrade(4.561, 2.387, -30.371, 150)
upgrade(4.561, 2.387, -30.371, 500)
upgrade(7.261, 2.350, -36.428, 150)
upgrade(7.261, 2.350, -36.428, 500)
upgrade(7.405, 2.387, -33.379, 150)
upgrade(7.405, 2.387, -33.379, 500)
upgrade(7.638, 2.387, -30.261, 150)
upgrade(7.638, 2.387, -30.261, 500)
place(10.690, 1.037, -29.514, "Commander", 850)
upgrade(10.690, 2.405, -29.514, 300)
upgrade(10.690, 2.405, -29.514, 2500)
place(11.426, 1.000, -36.243, "Scout", 250)
upgrade(11.426, 2.350, -36.243, 150)
upgrade(11.426, 2.350, -36.243, 500)
place(11.925, 1.037, -33.132, "Scout", 250)
upgrade(11.925, 2.387, -33.132, 150)
upgrade(11.925, 2.387, -33.132, 500)
place(-1.167, 1.037, -33.184, "Scout", 250)
upgrade(-1.167, 2.387, -33.184, 150)
upgrade(-1.167, 2.387, -33.184, 500)
place(-0.513, 1.037, -29.831, "Scout", 250)
upgrade(-0.513, 2.387, -29.831, 150)
upgrade(-0.513, 2.387, -29.831, 500)
place(13.595, 1.037, -30.505, "Hacker", 1400)
upgrade(13.595, 2.440, -30.505, 600)
upgrade(13.595, 2.440, -30.505, 1250)
place(-0.129, 1.037, -26.723, "Scout", 250)
upgrade(-0.129, 2.387, -26.723, 150)
upgrade(-0.129, 2.387, -26.723, 500)
place(2.763, 1.037, -25.196, "Scout", 250)
upgrade(2.763, 2.387, -25.196, 150)
upgrade(2.763, 2.387, -25.196, 500)
place(6.106, 1.037, -24.620, "Scout", 250)
upgrade(6.106, 2.387, -24.620, 150)
upgrade(6.106, 2.387, -24.620, 500)
place(12.981, 1.037, -27.292, "Scout", 250)
upgrade(12.981, 2.387, -27.292, 150)
upgrade(12.981, 2.387, -27.292, 500)
place(11.823, 1.000, -39.422, "Scout", 250)
upgrade(11.823, 2.350, -39.422, 150)
upgrade(11.823, 2.350, -39.422, 500)
place(8.508, 1.000, -40.043, "Scout", 250)
upgrade(8.508, 2.350, -40.043, 150)
upgrade(8.508, 2.350, -40.043, 500)
place(13.365, 1.037, -24.265, "Scout", 250)
place(7.866, 1.037, -20.950, "DJ Booth", 1200)
upgrade(7.866, 2.402, -20.950, 300)
upgrade(7.866, 2.402, -20.950, 1250)
upgrade(7.866, 2.402, -20.950, 3000)
